timestamp,x1,y1,x2,y2,width,height,amplitude,frequency
00:00:01,0,0,893,690,893,690
00:00:02,4,0,893,682,889,682
00:00:03,0,0,893,687,893,687
00:00:04,0,0,893,689,893,689
00:00:05,6,0,893,591,887,591,0.8540462427745664,-0.0033594624860022394
00:00:05,344,615,375,629,31,14
00:00:05,793,652,801,658,8,6
00:00:05,490,637,496,643,6,6
00:00:05,250,681,255,686,5,5
00:00:05,190,672,195,677,5,5
00:00:06,5,302,867,586,862,284,0,-0.017357222844344905
00:00:06,13,157,220,234,207,77,0,0
00:00:06,872,0,893,17,21,17
00:00:06,5,0,23,8,18,8
00:00:06,60,0,115,8,55,8
00:00:06,318,0,413,9,95,9
00:00:06,429,224,448,267,19,43
00:00:06,878,187,893,197,15,10
00:00:06,199,255,206,265,7,10
00:00:06,138,0,155,7,17,7
00:00:06,343,615,374,627,31,12
00:00:06,863,62,871,69,8,7
00:00:06,791,651,799,658,8,7
00:00:06,456,159,463,166,7,7
00:00:06,84,262,91,269,7,7
00:00:06,488,637,495,643,7,6
00:00:06,730,204,735,209,5,5
00:00:06,179,17,184,22,5,5
00:00:07,3,147,887,589,884,442,0,-0.005039193729003359
00:00:07,318,0,411,9,93,9
00:00:07,872,0,893,16,21,16
00:00:07,5,0,33,8,28,8
00:00:07,60,0,153,12,93,12
00:00:07,863,59,871,68,8,9
00:00:07,791,649,799,657,8,8
00:00:07,367,618,374,640,7,22
00:00:07,342,613,348,621,6,8
00:00:07,488,635,493,642,5,7
00:00:07,187,669,192,674,5,5
00:00:07,265,8,270,13,5,5
00:00:08,4,154,893,692,889,538,0,-0.0022396416573348264
00:00:08,814,103,834,123,20,20
00:00:08,318,0,411,24,93,24
00:00:08,7,0,34,7,27,7
00:00:08,61,0,153,13,92,13
00:00:08,872,0,893,16,21,16
00:00:08,864,59,872,67,8,8
00:00:08,266,7,271,26,5,19
00:00:08,743,4,748,10,5,6
00:00:08,441,13,446,18,5,5
00:00:09,3,157,893,586,890,429,0,-0.0016797312430011197
00:00:09,5,615,871,691,866,76,0,-0.015117581187010079
00:00:09,817,108,835,123,18,15
00:00:09,872,0,884,16,12,16
00:00:09,6,0,22,7,16,7
00:00:09,864,61,872,68,8,7
00:00:09,322,0,411,23,89,23
00:00:09,60,0,113,7,53,7
00:00:09,138,0,155,6,17,6
00:00:09,266,21,271,27,5,6
00:00:09,179,16,184,21,5,5
00:00:10,4,442,435,508,431,66
00:00:10,462,436,867,476,405,40
00:00:10,14,159,221,235,207,76,0,0
00:00:10,60,0,156,44,96,44
00:00:10,5,0,35,10,30,10
00:00:10,873,4,893,19,20,15
00:00:10,319,0,416,25,97,25
00:00:10,878,187,893,198,15,11
00:00:10,391,546,408,573,17,27
00:00:10,59,538,68,558,9,20
00:00:10,199,257,207,266,8,9
00:00:10,91,545,123,576,32,31
00:00:10,864,64,871,71,7,7
00:00:10,179,18,185,47,6,29
00:00:10,80,341,100,360,20,19
00:00:10,15,527,23,533,8,6
00:00:10,457,161,463,168,6,7
00:00:10,343,617,375,642,32,25
00:00:10,85,264,91,270,6,6
00:00:10,828,582,835,588,7,6
00:00:10,182,352,187,359,5,7
00:00:10,267,100,272,107,5,7
00:00:10,792,653,798,659,6,6
00:00:10,489,638,495,644,6,6
00:00:10,290,557,296,563,6,6
00:00:10,453,371,458,377,5,6
00:00:10,269,341,274,347,5,6
00:00:10,623,297,628,303,5,6
00:00:10,267,128,272,134,5,6
00:00:10,249,682,254,687,5,5
00:00:10,853,556,858,561,5,5
00:00:10,626,520,631,525,5,5
00:00:10,449,324,454,329,5,5
00:00:10,438,224,447,239,9,15
00:00:10,731,205,736,210,5,5
00:00:10,877,152,882,157,5,5
00:00:10,93,81,98,86,5,5
00:00:10,267,16,272,39,5,23
00:00:11,7,0,893,686,886,686
00:00:12,6,414,869,680,863,266,0,-0.0167973124300112
00:00:12,7,148,222,365,215,217,0,0
00:00:12,321,0,419,29,98,29
00:00:12,266,17,272,137,6,120
00:00:12,6,0,36,28,30,28
00:00:12,62,0,156,57,94,57
00:00:12,179,16,185,129,6,113
00:00:12,436,224,446,254,10,30
00:00:12,873,0,893,19,20,19
00:00:12,879,176,893,199,14,23
00:00:12,268,339,274,359,6,20
00:00:12,866,62,873,71,7,9
00:00:12,458,160,464,169,6,9
00:00:12,268,229,273,249,5,20
00:00:12,354,352,359,358,5,6
00:00:12,93,81,99,93,6,12
00:00:12,269,282,274,287,5,5
00:00:12,443,281,448,286,5,5
00:00:12,268,199,273,204,5,5
00:00:12,94,114,99,119,5,5
00:00:13,6,432,869,593,863,161,0,-0.0167973124300112
00:00:13,7,158,221,236,214,78,0,0
00:00:13,4,0,36,11,32,11
00:00:13,320,0,417,25,97,25
00:00:13,60,0,155,40,95,40
00:00:13,873,9,893,19,20,10
00:00:13,879,187,893,199,14,12
00:00:13,200,257,207,267,7,10
00:00:13,9,349,16,359,7,10
00:00:13,179,18,185,29,6,11
00:00:13,182,352,187,394,5,42
00:00:13,80,341,101,361,21,20
00:00:13,864,64,872,71,8,7
00:00:13,792,654,799,660,7,6
00:00:13,95,312,100,320,5,8
00:00:13,438,224,447,237,9,13
00:00:13,368,622,376,642,8,20
00:00:13,457,162,463,169,6,7
00:00:13,344,617,350,624,6,7
00:00:13,85,265,100,288,15,23
00:00:13,268,342,274,362,6,20
00:00:13,443,348,450,353,7,5
00:00:13,180,95,185,102,5,7
00:00:13,189,673,195,678,6,5
00:00:13,354,352,359,358,5,6
00:00:13,723,345,729,350,6,5
00:00:13,267,102,272,130,5,28
00:00:13,267,18,272,42,5,24
00:00:13,250,683,255,688,5,5
00:00:13,144,663,149,668,5,5
00:00:13,490,640,495,645,5,5
00:00:13,765,372,770,377,5,5
00:00:13,181,297,186,312,5,15
00:00:13,624,298,629,303,5,5
00:00:13,11,282,16,287,5,5
00:00:13,443,281,448,286,5,5
00:00:13,93,81,98,86,5,5
00:00:13,890,444,893,449,3,5
00:00:14,3,425,866,667,863,242,0,-0.0167973124300112
00:00:14,13,154,220,234,207,80,0,0
00:00:14,320,0,415,9,95,9
00:00:14,6,0,34,8,28,8
00:00:14,873,4,893,17,20,13
00:00:14,61,0,155,8,94,8
00:00:14,430,208,448,260,18,52
00:00:14,199,252,206,265,7,13
00:00:14,864,59,872,69,8,10
00:00:14,424,321,450,347,26,26
00:00:14,84,259,91,269,7,10
00:00:14,456,157,462,167,6,10
00:00:14,879,170,887,197,8,27
00:00:14,722,339,729,347,7,8
00:00:14,79,349,85,358,6,9
00:00:14,441,12,447,18,6,6
00:00:14,419,375,426,401,7,26
00:00:14,427,291,432,297,5,6
00:00:14,266,7,271,13,5,6
00:00:14,624,296,629,301,5,5
00:00:14,731,202,736,207,5,5
00:00:14,179,18,184,23,5,5
00:00:14,890,441,893,446,3,5
00:00:15,3,155,893,595,890,440,0,-0.0016797312430011197
00:00:15,5,659,756,692,751,33
00:00:15,318,0,411,8,93,8
00:00:15,61,0,152,7,91,7
00:00:15,872,4,893,16,21,12
00:00:15,7,0,33,7,26,7
00:00:15,863,60,871,67,8,7
00:00:15,791,650,798,656,7,6
00:00:15,366,619,374,639,8,20
00:00:15,343,614,348,620,5,6
00:00:15,489,635,494,640,5,5
00:00:15,441,13,446,18,5,5
00:00:15,742,7,747,12,5,5
00:00:16,3,440,440,591,437,151,0,0
00:00:16,459,433,866,477,407,44
00:00:16,13,156,219,235,206,79,0,0
00:00:16,4,0,34,10,30,10
00:00:16,871,0,893,18,22,18
00:00:16,321,0,411,10,90,10
00:00:16,418,221,463,409,45,188
00:00:16,874,151,893,198,19,47
00:00:16,60,0,153,10,93,10
00:00:16,198,256,205,266,7,10
00:00:16,862,61,869,70,7,9
00:00:16,455,158,461,168,6,10
00:00:16,79,351,85,359,6,8
00:00:16,84,261,90,270,6,9
00:00:16,366,618,374,640,8,22
00:00:16,342,614,348,621,6,7
00:00:16,790,650,796,657,6,7
00:00:16,721,341,728,346,7,5
00:00:16,888,440,893,447,5,7
00:00:16,827,581,833,586,6,5
00:00:16,624,519,630,524,6,5
00:00:16,772,18,777,24,5,6
00:00:16,248,680,253,685,5,5
00:00:16,488,637,493,642,5,5
00:00:16,851,554,856,559,5,5
00:00:16,622,294,627,299,5,5
00:00:17,4,326,865,585,861,259,0,-0.01791713325867861
00:00:17,13,153,220,233,207,80,0,0
00:00:17,336,0,415,9,79,9
00:00:17,6,0,33,8,27,8
00:00:17,60,0,154,12,94,12
00:00:17,429,207,448,265,19,58
00:00:17,871,0,893,16,22,16
00:00:17,875,145,893,196,18,51
00:00:17,862,58,870,68,8,10
00:00:17,199,253,206,264,7,11
00:00:17,790,646,797,656,7,10
00:00:17,455,155,461,166,6,11
00:00:17,367,615,374,639,7,24
00:00:17,343,610,348,620,5,10
00:00:17,85,258,90,268,5,10
00:00:17,264,7,271,13,7,6
00:00:17,888,437,893,446,5,9
00:00:17,622,687,629,692,7,5
00:00:17,622,294,627,301,5,7
00:00:17,248,675,253,680,5,5
00:00:17,489,632,494,637,5,5
00:00:18,5,373,866,501,861,128,0,-0.01791713325867861
00:00:18,8,151,221,228,213,77,0,0
00:00:18,430,205,449,260,19,55
00:00:18,874,2,893,16,19,14
00:00:18,62,0,129,17,67,17
00:00:18,323,0,450,19,127,19
00:00:18,8,0,34,7,26,7
00:00:18,260,5,273,18,13,13
00:00:18,876,144,893,194,17,50
00:00:18,8,340,16,352,8,12
00:00:18,375,537,407,566,32,29
00:00:18,722,333,730,343,8,10
00:00:18,59,530,67,539,8,9
00:00:18,8,77,15,85,7,8
00:00:18,864,55,871,63,7,8
00:00:18,199,251,206,259,7,8
00:00:18,456,153,462,161,6,8
00:00:18,15,519,22,526,7,7
00:00:18,791,645,797,652,6,7
00:00:18,85,256,91,263,6,7
00:00:18,622,685,629,692,7,7
00:00:18,90,537,122,568,32,31
00:00:18,367,613,374,633,7,20
00:00:18,343,608,349,615,6,7
00:00:18,829,574,834,581,5,7
00:00:18,182,665,193,682,11,17
00:00:18,852,548,858,553,6,5
00:00:18,425,321,448,346,23,25
00:00:18,432,77,437,83,5,6
00:00:18,181,11,186,17,5,6
00:00:18,605,6,611,11,6,5
00:00:18,10,678,15,683,5,5
00:00:18,735,669,740,674,5,5
00:00:18,489,630,494,635,5,5
00:00:18,12,614,17,619,5,5
00:00:18,783,599,788,604,5,5
00:00:18,290,550,295,555,5,5
00:00:18,80,346,85,351,5,5
00:00:18,270,340,275,345,5,5
00:00:18,183,340,188,345,5,5
00:00:18,623,289,628,294,5,5
00:00:18,443,278,448,283,5,5
00:00:18,771,11,776,16,5,5
00:00:18,742,2,747,7,5,5
00:00:18,887,688,893,692,6,4
00:00:18,148,0,153,4,5,4
00:00:19,1,0,893,692,892,692
00:00:20,0,0,893,692,893,692
00:00:21,0,0,893,692,893,692
